1
1
1
1
1
18
18
23
39
42
56
75
81
108
111
111
115
142
146
147
147
156
159
168
169
211
211
227
277
281
283
289
290
298
319
319
322
326
331
334
341
347
358
366
372
375
375
376
382
384
389
394
409
416
452
462
483
487
487
489
505
513
515
517
554
559
582
588
588
595
596
596
598
599
600
602
604
605
607
616
622
625
629
630
633
646
655
709
712
713
738
750
768
774
777
783
784
800
801
806
806
810
839
843
856
858
863
878
894
900
906
919
927
929
935
935
958
974
976
976
982
987
988
990
991
996
1008
1019
1030
1051
1052
1058
1066
1084
1087
1102
1106
1109
1149
1168
1172
1190
1190
1190
1192
1194
1200
1208
1228
1231
1239
1244
1246
1265
1280
1289
1290
1306
1321
1322
1324
1349
1352
1354
1364
1365
1384
1387
1396
1398
1420
1424
1434
1439
1445
1459
1480
1495
1520
1524
1529
1537
1570
1573
1593
1610
1617
1619
1621
1625
1634
1639
1658
1663
1674
1690
1698
1699
1706
1716
1723
1724
1724
1729
1733
1760
1771
1795
1819
1825
1827
1836
1836
1851
1852
1868
1868
1870
1878
1879
1880
1880
1883
1884
1891
1904
1905
1908
1910
1911
1915
1918
1918
1923
1929
1941
1944
1960
1962
1966
1971
1990
2013
2020
2034
2044
2048
2058
2063
2066
2072
2074
2086
2097
2106
2108
2108
2113
2116
2147
2148
2152
2175
2178
2181
2195
2205
2213
2221
2228
2233
2246
2249
2250
2253
2274
2285
2291
2312
2318
2325
2331
2332
2336
2336
2336
2336
2339
2342
2351
2351
2353
2373
2384
2396
2396
2407
2411
2418
2436
2440
2446
2466
2466
2472
2483
2486
2490
2500
2502
2504
2507
2510
2512
2515
2521
2534
2545
2561
2578
2584
2589
2595
2596
2602
2603
2607
2609
2626
2627
2630
2634
2647
2653
2659
2659
2659
2660
2663
2663
2665
2670
2672
2675
2676
2679
2686
2688
2697
2717
2722
2722
2723
2723
2723
2724
2724
2725
2728
2729
2748
2752
2756
2768
2770
2775
2784
2787
2788
2788
2792
2793
2796
2807
2810
2811
2822
2827
2830
2835
2842
2851
2856
2858
2858
2865
2867
2880
2881
2884
2888
2908
2912
2922
2929
2930
2944
2947
2950
2951
2965
2969
2973
2973
2981
3002
3004
3013
3013
3015
3030
3035
3039
3044
3052
3052
3059
3063
3067
3071
3076
3079
3081
3088
3092
3095
3096
3098
3117
3122
3123
3124
3125
3145
3153
3167
3170
3187
3194
3198
3207
3207
3212
3215
3244
3255
3292
3302
3309
3337
3349
3357
3362
3363
3369
3374
3374
3380
3385
3388
3396
3402
3411
3412
3412
3413
3418
